ad: 0.8383834
nn: 0.7824880
fn: 0.8355291
cd: 0.7855333
0.7855333

cofenetic:
try.txt
ad: 0.33241274
cd: 0.35818009
nn: 0.31800847
fn: 0.33791393

test.txt
fn: 0.83058478
nn: 0.83108317
cd: 0.83051280
ad: 0.83071871

lecture.txt
ad: 0.63695698
cd: 0.67882834
nn: 0.47330364
fn: 0.63695698
